group			NUCLEAR	NUCLEAR	NUCLEAR	NUCLEAR	NUCLEAR	NUCLEAR	NUCLEAR	NUCLEAR	NUCLEAR	NUCLEAR	NUCLEAR	NUCLEAR	NUCLEAR	NUCLEAR	NUCLEAR	NUCLEAR	NUCLEAR	NUCLEAR	NUCLEAR	NUCLEAR	NUCLEAR	NUCLEAR	NUCLEAR	NUCLEAR	NUCLEAR	NUCLEAR	NUCLEAR	NUCLEAR	NUCLEAR	NUCLEAR	NUCLEAR	NUCLEAR	NUCLEAR	NUCLEAR	NUCLEAR	NUCLEAR	NUCLEAR	NUCLEAR	NUCLEAR	NUCLEAR	NUCLEAR	NUCLEAR	NUCLEAR	NUCLEAR	NUCLEAR	NUCLEAR	NUCLEAR	NUCLEAR	NUCLEAR	NUCLEAR	NUCLEAR	NUCLEAR	NUCLEAR	NUCLEAR	NUCLEAR	NUCLEAR	NUCLEAR	NUCLEAR	NUCLEAR	NUCLEAR	NUCLEAR	NUCLEAR	NUCLEAR	NUCLEAR	NUCLEAR	NUCLEAR	NUCLEAR	NUCLEAR	NUCLEAR	NUCLEAR	NUCLEAR	NUCLEAR	NUCLEAR	NUCLEAR	NUCLEAR	NUCLEAR	NUCLEAR	NUCLEAR	NUCLEAR	NUCLEAR	NUCLEAR	NUCLEAR	NUCLEAR	NUCLEAR	NUCLEAR	NUCLEAR	NUCLEAR	NUCLEAR	NUCLEAR	NUCLEAR	NUCLEAR	NUCLEAR	NUCLEAR	NUCLEAR	NUCLEAR	NUCLEAR	NUCLEAR	NUCLEAR	NUCLEAR	NUCLEAR	NUCLEAR	NUCLEAR	NUCLEAR	NUCLEAR	NUCLEAR	NUCLEAR	NUCLEAR	NUCLEAR	NUCLEAR	NUCLEAR	NUCLEAR	NUCLEAR	NUCLEAR	NUCLEAR	NUCLEAR	NUCLEAR	NUCLEAR	NUCLEAR	NUCLEAR
dataset			DYE605_dw	DYE605_dw	DYE605_dw	DYE605_dw	DYE605_dw	DYE605_dw	DYE605_dw	DYE605_dw	DYE605_dw	DYE605_dw	DYE605_dw	DYE605_dw	DYE605_dw	DYE605_dw	DYE605_dw	DYE605_dw	DYE605_dw	DYE605_dw	DYE605_dw	DYE605_dw	DYE605_dw	DYE605_dw	DYE605_dw	DYE605_dw	DYE605_dw	DYE605_dw	DYE605_dw	DYE605_dw	DYE605_dw	DYE605_dw	DYE605_dw	DYE605_dw	DYE605_dw	DYE605_dw	DYE605_dw	DYE605_dw	DYE605_dw	DYE605_dw	DYE605_dw	DYE605_dw	DYE605_dw	DYE605_dw	DYE605_dw	DYE605_dw	DYE605_dw	DYE605_dw	DYE605_dw	DYE605_dw	DYE605_dw	DYE605_dw	DYE605_dw	DYE605_dw	DYE605_dw	DYE605_dw	DYE605_dw	DYE605_dw	DYE605_dw	DYE605_dw	DYE605_dw	DYE605_dw	DYE605_dw	DYE605_dw	DYE605_dw	DYE605_dw	DYE605_dw	DYE605_dw	DYE605_dw	DYE605_dw	DYE605_dw	DYE605_dw	DYE605_dw	DYE605_dw	DYE605_dw	DYE605_dw	DYE605_dw	DYE605_dw	DYE605_dw	DYE605_dw	DYE605_dw	DYE605_dw	DYE605_dw	DYE605_dw	DYE605_dw	DYE605_dw	DYE605_dw	DYE605_dw	DYE605_dw	DYE605_dw	DYE605_dw	DYE605_dw	DYE605_dw	DYE605_dw	DYE605_dw	DYE605_dw	DYE605_dw	DYE605_dw	DYE605_dw	DYE605_dw	DYE605_dw	DYE605_dw	DYE605_dw	DYE605_dw	DYE605_dw	DYE605_dw	DYE605_dw	DYE605_dw	DYE605_dw	DYE605_dw	DYE605_dw	DYE605_dw	DYE605_dw	DYE605_dw	DYE605_dw	DYE605_dw	DYE605_dw	DYE605_dw	DYE605_dw	DYE605_dw	DYE605_dw
id			0	1	2	3	4	5	6	7	8	9	10	11	12	13	14	15	16	17	18	19	20	21	22	23	24	25	26	27	28	29	30	31	32	33	34	35	36	37	38	39	40	41	42	43	44	45	46	47	48	49	50	51	52	53	54	55	56	57	58	59	60	61	62	63	64	65	66	67	68	69	70	71	72	73	74	75	76	77	78	79	80	81	82	83	84	85	86	87	88	89	90	91	92	93	94	95	96	97	98	99	100	101	102	103	104	105	106	107	108	109	110	111	112	113	114	115	116	117	118
group	dataset	id																																																																																																																							
NUCLEAR	DYE605_dw	0	27141.43363188382	12225.090574891263	11335.569739809409	10655.413764223864	8836.683600329085	8587.590650903825	7915.1684310663695	7055.283310388013	6229.828605995554	5887.3438713512005	2612.0064872511034	2357.086989842328	2158.6238274989473	1743.2544938265964	1202.045958734619	665.6910096569615	307.5584173333263	15503.231049233029	13668.70815929413	12318.196855940008	11133.017119333963	10229.835183759946	9109.25759684805	8203.75098460241	7550.817061003924	6854.361359452083	6193.577900141013	2851.1895780760556	2500.8250308045526	2319.745046683541	1891.1882144351162	1308.9263808431285	742.2122521947482	340.91018551786505	122.96009381076061	16072.353183033249	14283.307418100803	13316.868173516923	11420.64661772452	10224.62573001799	9483.537455379515	8241.542124491132	7583.0438396864065	6992.0722458435175	6225.134547962888	2880.6495897083487	2609.566272756745	2359.966937913461	1965.6596679556944	1378.1766489055597	781.0188647472681	361.1560553805434	130.52388520802143	16227.440560458755	14335.296342819343	13565.725484187356	11687.495546248221	10966.88555969707	9603.471834700273	8440.407501679998	7542.578626912457	6958.236237164777	6337.593199455774	2935.8715235143263	2643.713876377562	2386.063514855549	1982.2530074808487	1381.1383133145757	792.813083454851	366.99223834647296	131.54493918185216	17101.672121811964	14626.502534920755	12807.625919014405	11520.505062676535	11003.60318020706	9374.234282935984	8240.230335564578	7588.697172678568	6814.991497976951	6276.1085961111185	2954.4647743778155	2608.6947024794335	2359.7109790673535	1944.743530841522	1351.791036208784	758.0939290764333	347.75724825553186	122.11330878554749	15473.261297335377	14108.847569806141	12522.742591344253	11972.019014273585	11319.5389569644	8863.777097591468	7846.44613026411	7225.833822564344	6526.85570509948	6145.583566721691	2821.214050300203	2458.0622050360525	2195.027236436997	1804.9785131976903	1248.180931544393	686.2572859228065	305.67448018446623	98.66429488290423	7718.288143279355	6935.948406798431	6217.097292627886	5331.842852269389	2672.0274751339134	2130.8966786791784	2024.6987951686567	1623.868429441441	1082.324291211215	574.9490430698945	234.01653083043453	67.25496550575531
NUCLEAR	DYE605_dw	1	12225.090574891263	13097.738261696702	9734.791065622325	9075.83733931696	7781.059825833391	7412.410795164853	6817.047753866168	6135.986808154923	5486.594489440356	5128.734575101153	2371.9370330369266	2151.830118362134	1970.616563841591	1613.9512189626785	1118.7609917555878	630.1159648660806	292.6173283745219	12958.234670514988	11557.58457358741	10464.694837992425	9502.129127140524	8720.446065148948	7840.859677874503	7101.414586614347	6530.469175941314	5947.739665522511	5400.911331630068	2571.7107807706825	2294.1994160395116	2119.33768608615	1750.1795021715857	1222.2596031871983	701.2527828956771	327.2920068931202	119.75655632683142	13413.329702420144	12026.364061157181	11142.660650194337	9758.732703780957	8801.053388550781	8132.269812620299	7191.709751132579	6613.000166208638	6085.384038128086	5472.587409739139	2623.786893995465	2390.6665258917724	2174.53246411656	1821.643365310574	1285.2589040078087	742.3023102471153	348.92056227770877	128.30827239494832	13560.977741867138	12105.543629706	11327.436208123498	9949.503383233265	9257.968838459446	8227.563771401057	7329.470147919647	6608.879001143517	6083.328782115495	5553.001976279977	2662.178698958845	2415.953436786983	2195.1376914950024	1836.9135927248308	1293.1647187958508	752.8645123746664	354.6568461433569	129.48615368556085	14044.35879829234	12250.02535105259	10867.547774441757	9828.734448779327	9253.342732354042	8068.748329983778	7188.6264732865075	6609.933654771542	5975.682127740188	5492.611916590285	2651.069133819573	2375.0221566270075	2161.0871267755892	1798.3480234890812	1261.101395674032	721.4758486248068	336.197140812284	120.28547670401399	13004.849871412018	11852.248862538969	10607.466679875395	9994.891924636024	9346.45835530739	7691.539439895931	6880.581754231167	6322.858405688581	5733.3155158472355	5343.248686634736	2522.9077181220005	2238.6615678357275	2017.5253456546654	1672.1582096837078	1163.1965628984922	652.063876778103	294.6046974888548	96.54232300189004	6660.767214143181	6015.240165864103	5423.118732149486	4751.362991187161	2349.4068464628103	1966.4162568837262	1840.5347354278006	1496.1409785854082	1008.1329351874855	544.8833098094364	225.23255249197803	65.68463720987691
NUCLEAR	DYE605_dw	2	11335.569739809409	9734.791065622325	11114.756142744365	8466.888339964695	7222.323069373889	6938.093475802713	6404.724400978045	5769.16252125265	5159.637969551705	4849.022844961282	2264.8589228852793	2056.40042496866	1886.2380583150507	1545.6361362939629	1075.217891438067	607.3714604700577	283.57627581868775	12015.754994185576	10717.648059303314	9725.17310753481	8849.174148511975	8151.567750777291	7335.415107777	6656.648444559948	6142.179223655035	5607.486650887004	5102.302476415294	2463.5766625180772	2195.773590688342	2033.9406726918992	1682.253121687519	1180.3984338025446	680.351969207658	319.2735566162574	117.73395808543167	12451.764853118882	11172.596102097297	10404.595460233213	9090.234732824534	8210.106289932615	7618.838292855682	6732.061140460112	6211.26323205705	5737.120517383142	5164.866640393972	2514.8414127597885	2294.250395640297	2089.6271002387207	1755.731401943925	1245.727166456969	723.5604811025012	342.02112248455313	126.78547673280184	12614.638409912339	11264.508231225878	10608.19434755735	9299.392123805783	8700.321856789913	7728.229474668373	6885.115852285525	6215.373070962481	5742.658522602554	5256.4589488626825	2559.068439094473	2324.4437090098168	2114.457452902411	1774.5650497957886	1256.3699247075513	735.9926772328515	348.7976811658405	128.3554115394882	13180.876699559507	11471.442698383456	10174.752015446475	9218.994644772325	8738.768959592166	7601.521053998481	6773.391845723598	6249.934163587047	5659.976789581965	5220.6051889982	2559.157630667491	2292.3898562058525	2088.3323901302606	1742.0769384095138	1227.882760540652	705.8651264862455	331.0043921352981	119.61693090377211	12191.410778714227	11149.127961284923	9989.662421975607	9475.918447034182	8911.56647569734	7272.587126870879	6511.731347350366	6003.972312247064	5455.648099225339	5108.910520404119	2444.51424555301	2166.992822421088	1953.796130736794	1622.5390862297293	1134.1508354099726	638.6957851207901	290.7303184533422	95.97015070711785	6362.14965821296	5755.4198405486295	5196.5724664558475	4546.848014217805	2289.68162376401	1906.1295359221172	1790.6199044053747	1457.255941521759	985.3247568016299	535.3298139183686	222.44278870972767	65.22420236174074
NUCLEAR	DYE605_dw	3	10655.413764223864	9075.83733931696	8466.888339964695	10699.010512525481	6754.217370050281	6560.914407332444	6081.352019146464	5475.670696565677	4890.94077563807	4627.628331839171	2173.444075378334	1974.0149366567152	1813.6685226689851	1484.8586282862957	1036.2758695940468	586.2534166688771	275.12078888526247	11298.062711520117	10062.8214849808	9145.652533657667	8334.788056044632	7708.25695427047	6933.970871983847	6300.58006910704	5834.3220854885185	5337.290691666497	4863.651442382995	2372.8278010837726	2109.2018593687367	1960.0382759896302	1621.5588193362582	1142.3478494026924	660.8237601024092	311.36765931351766	115.5398661357671	11723.386210666264	10514.744498409294	9850.810430182808	8562.052729681776	7737.447960128659	7215.12842362807	6356.25602257858	5885.282068493344	5458.085180401012	4913.117359321463	2420.5832121621847	2209.707996767283	2014.1490162739208	1696.4506497185512	1209.804906059554	705.4501143663764	334.8345537249193	124.88993980398755	11900.1780755753	10615.568950890489	10076.649229888095	8794.146359792168	8281.784894386963	7339.386068965794	6528.362365307253	5893.88737912724	5467.934044506292	5017.63857051255	2471.569920498299	2245.143834006694	2043.300561815045	1718.6282353636866	1222.475543158048	719.6354920875066	342.5241199827472	126.78959072816859	12576.417660092204	10893.529036417258	9644.1956503846	8748.509228925343	8364.760466100088	7237.821705572221	6439.931265441649	5964.406473074451	5406.603890834106	5005.569288234589	2485.230398732738	2222.4921273293726	2025.7736983192635	1692.3774222325396	1197.9038229870666	690.6212133832448	325.3966107737141	118.51159363293301	11587.227999529603	10633.860008948024	9529.184669854296	9115.713406844083	8632.366278053496	6945.115802017128	6216.595663544298	5752.639617662356	5236.020361405148	4932.526233214305	2384.0285370291303	2107.320236139386	1899.037712103508	1578.914683468885	1108.3340844658665	625.8103394627514	286.56135618225915	95.11913045749601	6143.114051134367	5563.578197501773	5027.461974688083	4382.683590795552	2250.2807380909962	1854.1304598918516	1750.7419271681695	1424.4875010465016	965.4014875969365	526.2883176155106	219.4745853679977	64.59541270977466
NUCLEAR	DYE605_dw	4	8836.683600329085	7781.059825833391	7222.323069373889	6754.217370050281	6551.563464672384	5629.664898968078	5205.894888872418	4738.665551077627	4291.109020990533	4012.6854790139173	1968.9222088814167	1797.8333851111279	1651.8353704217323	1371.2486028497444	962.0821486344627	553.155007495933	260.8300444728077	9330.405992967942	8425.491237611099	7700.2425511694	7056.003506404114	6516.904353114387	5927.5584793481785	5420.475259839449	5014.743902574404	4604.599892039792	4218.853807038922	2132.917303505202	1928.141264461972	1784.5446608318937	1494.9918029339087	1062.2777881666955	621.3785989847762	296.9964747203015	111.47223698094977	9663.64401370641	8759.72275560132	8147.592721581621	7256.891328454954	6613.219036931909	6140.698637751334	5516.136780240556	5103.915943873672	4723.139229541746	4298.057398085938	2196.028191862717	2016.1213053480224	1847.9800678876961	1565.0276169559045	1122.701256372262	666.0798351882295	320.68176143483663	121.23477577889152	9829.033917392027	8877.343374627395	8317.705899761062	7424.242970967476	6925.616119567671	6241.957686523316	5636.545615430484	5138.936329254597	4756.034372511735	4374.825434224106	2232.4429601260144	2043.4477103540055	1871.7776318399851	1585.1986296356476	1138.34985799259	678.6491960894912	327.88791381466154	123.11118161575122	10183.238460015815	9029.543713800462	8116.663858611204	7409.414633608989	6970.194982950673	6192.109444342065	5591.7694398243	5170.17454301163	4720.4912722199615	4361.508198458858	2222.524578067388	2016.2369223425426	1848.296078099526	1558.3233886325297	1112.0101753916001	652.6612620446623	311.58380260190495	115.07595383762794	9652.584303358974	8855.05742643579	8012.362806888395	7540.432372208852	7052.977679315749	6000.602649704708	5432.568930860367	5015.700885901497	4584.113997434884	4271.827388505196	2126.3319239583084	1913.5872139836551	1739.7109549714476	1457.1984505474736	1028.3776397456743	590.7831578108592	273.67368954324354	91.89534452776124	5282.032207872031	4809.591798152021	4373.27477549787	3898.180997527992	1974.8798274696294	1706.1185207703222	1587.8950806557611	1308.5580428999656	895.7294391735661	495.7604928709136	209.41472895935954	62.3319236082581
NUCLEAR	DYE605_dw	5	8587.590650903825	7412.410795164853	6938.093475802713	6560.914407332444	5629.664898968078	6726.419094292598	5073.570556139135	4601.274641784942	4143.903376036884	3919.8407824211004	1912.1379378372615	1744.0807675098822	1605.5934398432332	1326.4985204395225	933.0063651101523	535.1628338546108	253.55515609558216	9080.26714596116	8150.793555859462	7451.458896342448	6829.890284330365	6341.175696182131	5746.210647578907	5253.088713051669	4882.078079861845	4488.85309517788	4113.507483533283	2083.8139391344193	1868.9596181852976	1738.2632042265022	1451.6360831092966	1033.8770643499338	605.5719898327474	289.6731286178271	109.11610762914233	9424.872558966514	8511.280994694931	7992.416103140522	7021.572799304341	6387.279792597954	5973.372272729739	5315.775298236646	4940.483557186526	4597.084034749402	4169.445733899581	2137.6148595493632	1960.861117264489	1796.0934682122693	1523.0878506585236	1097.2844816745555	650.8265124462687	313.5797930346795	118.88138219650405	9604.929649639795	8631.1619632531	8198.296490317593	7228.116301429758	6816.082118049389	6094.681251421135	5468.470293126738	4971.932802920444	4627.250623229864	4266.124072918468	2184.499349004993	1995.3967716934633	1825.426066186897	1546.8841621864613	1113.8373963530355	665.3823370513929	321.6899056569059	121.04540033072655	10156.194422318866	8887.989260569262	7934.285466518213	7239.365567909311	6915.717860774229	6055.994096725024	5435.392346566387	5050.392643304153	4606.590858627094	4277.649177950111	2195.513472536789	1979.6828881553438	1812.9545921717108	1527.10154643091	1092.478228597761	640.070187438656	306.04507740856445	113.50096790467006	9500.238327370549	8753.375833520206	7898.058558744736	7546.5945309965955	7145.395126650342	5874.567646691214	5298.679495725721	4916.32163058374	4496.6312375589505	4233.3303146949465	2113.2268961357504	1885.606735638129	1708.9449842467152	1430.3115591064263	1012.7050479677589	580.6469934658772	269.82578488431125	90.82533759245672	5248.736135541721	4777.782419461396	4340.320397468331	3826.9044861952693	1990.4313134388826	1675.877576016215	1575.420954524825	1293.13579942699	884.9178405620968	489.4635449986702	206.79472606313854	61.58756315057888
NUCLEAR	DYE605_dw	6	7915.1684310663695	6817.047753866168	6404.724400978045	6081.352019146464	5205.894888872418	5073.570556139135	5818.351345038472	4295.825200807904	3872.026844937054	3675.821704400645	1811.3178544506757	1653.7864378102759	1524.4213587891838	1261.1439460852173	890.0756451653241	512.4630719737899	243.94815472268795	8364.238834442902	7512.1387956948665	6880.796143199752	6318.658173125464	5883.375503454516	5337.2443529844995	4887.966145550773	4554.463181421141	4196.038342779526	3852.0966571077574	1975.756583075642	1772.503639451031	1651.628124661697	1381.9570967389977	988.4443342829776	581.5666705137598	279.59264382959	105.9038117643851	8688.21639473989	7853.431553883287	7402.023677375577	6496.413123527415	5918.267470886284	5552.2310815517485	4941.727432394035	4604.752814437651	4296.568393082342	3901.85693439688	2027.468624020611	1862.1288588806456	1707.8682931796352	1451.9655411783053	1050.8638540007457	626.5750170304151	303.3852159801981	115.65947957131736	8871.799734219887	7977.826479522157	7611.545269431786	6706.236479161901	6347.968640902473	5677.768538193169	5097.787375810064	4640.927452659076	4331.086583848104	4001.7362279408617	2076.0962148768926	1898.3650112547082	1738.7167932036602	1477.1077897285256	1068.563505103284	641.6775179608634	311.7800281356403	117.94678397449582	9444.209984578489	8258.008683592929	7375.043733921133	6740.214483123213	6467.827450463674	5659.5350154536945	5083.419609878174	4735.410737495909	4326.236905018552	4027.3538433686085	2093.0819043121046	1888.502988650378	1731.397036553792	1461.6673075993212	1049.9591825605319	617.8650964825978	296.8849005700484	110.80792872793354	8843.038002028175	8168.935389175419	7380.102023050527	7081.978543171833	6729.9083290787885	5512.330835639752	4977.8840855757035	4629.643201155484	4241.7630327411625	4005.3210262212433	2021.2666280114815	1803.9266441953662	1636.1645838521847	1371.8466962009963	974.9009427874881	561.2339018808174	262.19747266864454	88.67207672523517	4965.2253270010215	4526.380022425485	4117.502876793594	3630.8632704924803	1911.4961096674188	1607.1795465100402	1513.5564666194605	1244.1344261275826	853.8230362475854	474.2193269961913	201.13359878803087	60.108100634542645
NUCLEAR	DYE605_dw	7	7055.283310388013	6135.986808154923	5769.16252125265	5475.670696565677	4738.665551077627	4601.274641784942	4295.825200807904	4512.785238636767	3547.9452059701707	3363.3161232988796	1691.343487886734	1547.806085433782	1427.9260288607181	1187.3961098010657	841.2811918754924	487.9511330179159	233.31992823338538	7441.244112805315	6716.6570699054755	6171.49255664956	5684.672923946337	5300.7704313682225	4829.747565570483	4437.56322588546	4140.508778570765	3824.2424316308757	3521.010300653287	1840.9111661098123	1660.3648593216017	1547.0510153954363	1300.998838879468	935.4884144639892	553.8528122679643	268.23382901001133	102.2585665959696	7728.807163968717	7015.536079955752	6612.825416018893	5847.093751297577	5346.65272890992	5019.303720665994	4496.271978866587	4195.715713597078	3919.1416965818453	3574.4277064135886	1894.5886670914908	1744.4613392695524	1603.9566453494203	1368.0582687226383	994.770936565895	598.1300357863316	291.7000914283952	111.98199313346021	7909.294291412669	7145.0721515236355	6807.967510022014	6040.154843853051	5714.046063503249	5139.94938350657	4639.519995571583	4240.638894061109	3961.4119834311805	3668.0435214279864	1940.0273493492314	1779.2300137288803	1633.98294644067	1393.1711852173844	1013.6304603696861	612.9376535310729	300.01084305398297	114.29129099676543	8404.773692970026	7401.984348055635	6645.672803693634	6092.827226725205	5833.166341855519	5145.280873211321	4645.895892558743	4332.597423122551	3971.3840537842334	3700.5662691774896	1954.3343309502281	1771.6643118666443	1628.2062126350575	1380.2360882149774	996.3835250631998	590.9970606971302	285.88631703349336	107.49384684216474	7951.59822071584	7357.363298506241	6673.618955392336	6388.695915230982	6062.2465009508305	5042.358311658023	4573.471317315628	4256.913624495726	3909.6401721141992	3686.295314323618	1890.322047431567	1696.3932732334376	1543.4160623023784	1298.3668319819026	926.2470248922831	537.2236648416457	252.59191492046958	85.91975411687554	4560.467578381963	4168.4157232187345	3802.5627564842234	3376.5249212552935	1784.2003419947403	1520.0944071624258	1427.0292361421361	1178.4720373441949	812.551211414637	454.3892750765633	193.8625826256125	58.2244146743871
NUCLEAR	DYE605_dw	8	6229.828605995554	5486.594489440356	5159.637969551705	4890.94077563807	4291.109020990533	4143.903376036884	3872.026844937054	3547.9452059701707	3511.8816849647906	3057.2738715391724	1572.3787031925228	1442.5870209356267	1331.9151369693257	1113.9302519191915	792.4146617462922	463.25865809222034	222.5004817102129	6554.436510250557	5952.76941876124	5488.941942298504	5073.344744416859	4736.667127986734	4338.088198027203	4000.3348758605434	3737.1138998627225	3460.9659392265876	3196.7663994765653	1706.4779739492315	1548.6085256085985	1442.4575545375465	1219.772840544422	881.9238446979746	525.5593265394521	256.4681599280277	98.38940046872554	6805.582727179022	6208.91604338677	5848.820772269932	5220.591157499638	4794.402429485467	4501.897952091544	4064.419598862766	3797.6088883423804	3550.1948444860595	3253.9799728739026	1761.8347579750546	1626.6549480420479	1499.673892706195	1283.4327303451978	937.6539066339402	568.7645807638387	279.43113765186695	108.00475250334952	6981.1971548811025	6342.130587472523	6027.634008493273	5395.0101489209765	5096.315001903971	4616.258879965684	4193.366678108667	3850.473277262523	3599.475138525247	3340.2695904119587	1803.5491322636954	1659.5097768752219	1528.4890199904396	1308.1832410857355	957.4081649845062	583.0948860055485	287.5538063912523	110.29923454536737	7393.208829623883	6571.084495374061	5938.088851268146	5463.602888581228	5211.635517755754	4643.059641226895	4218.599823046915	3937.573321626219	3622.6697223729093	3378.0931062204086	1814.5100716153086	1653.7638381427512	1523.8299794852367	1297.454404963512	941.3839153830423	563.0329754714995	274.2105533889494	103.83795862922669	7085.833182536036	6566.266496091567	5984.179177953917	5707.275170449638	5402.284788936967	4581.717340694579	4176.655225815179	3889.703777663018	3581.5685525858694	3369.4309585907286	1757.765284656805	1587.4452788775861	1449.2717571561996	1223.462315278414	876.1952399015878	512.1860146432961	242.34962275017992	82.90012609911574	4159.233758521483	3812.773644932385	3489.017410723249	3123.4707466192176	1654.6239452765503	1431.5276170261802	1338.7378703263005	1111.1915501389635	769.916836740201	433.5939938575927	186.09725625484091	56.16527207118287
NUCLEAR	DYE605_dw	9	5887.3438713512005	5128.734575101153	4849.022844961282	4627.628331839171	4012.6854790139173	3919.8407824211004	3675.821704400645	3363.3161232988796	3057.2738715391724	3257.7582400531683	1498.4734690762693	1374.7383751730126	1271.040011484972	1061.550233489743	757.2297802970509	443.1315121855957	213.7333088440151	6195.701450257162	5609.89752406247	5175.993742044886	4787.040588878139	4484.542522476359	4100.6979424700285	3782.7631930530156	3544.347232351986	3286.506868532464	3037.482034180971	1629.7930107870054	1474.1120095583663	1376.9995083902088	1163.7939058026875	843.8519074017873	504.2398583380066	246.70035108311973	94.95742862901061	6441.374931926218	5866.051729464183	5557.849729749653	4924.598236748632	4520.188132419058	4263.150780691389	3831.162059111809	3590.198373444718	3367.9262768323897	3083.1450288298893	1679.5569849587935	1550.8615048946024	1430.078449203355	1225.8080671276248	898.8791740441749	546.4078493217604	269.1063795602664	104.32022484882494	6619.155071390152	5998.110280922309	5746.569792263969	5110.295302049908	4858.126582597164	4383.366364371045	3969.981046227413	3641.82399065078	3416.3032557385	3175.7322068140043	1724.7200319032304	1586.1443569811254	1460.7430266838815	1251.7287066252475	918.8126051138676	561.2569110350687	277.41227214853217	106.67836113566511	7097.921650081661	6264.884497732486	5642.021006915924	5191.984992898246	4995.6817234363025	4418.530245780074	4003.593864003382	3748.3712750766636	3448.596928469447	3225.6591588731653	1745.0819919377473	1586.6552488057	1461.939306755779	1245.2844440517736	905.9029894436727	542.3635369112918	264.79723178508425	100.6176999003366	6762.596991238159	6284.022220601812	5720.671757385298	5502.019742971182	5243.0226902058	4370.258438466553	3978.274828343754	3716.0418809026196	3424.558850164024	3239.6242486459937	1697.8117819949966	1527.8022642027652	1393.3606607397153	1176.6518663649738	844.9774612980483	494.2847563320964	234.58786233709606	80.42568200605373	4006.5930990289166	3673.784417893491	3361.6938396942855	2994.973728747125	1610.8295242036227	1377.8717906108222	1294.777847036461	1073.4425604179376	744.4239928543725	419.7023969515136	180.37368269696924	54.4940717955912
NUCLEAR	DYE605_dw	10	2612.0064872511034	2371.9370330369266	2264.8589228852793	2173.444075378334	1968.9222088814167	1912.1379378372615	1811.3178544506757	1691.343487886734	1572.3787031925228	1498.4734690762693	886.8569480827124	794.5544325151607	739.4432416814235	632.1299112933091	462.3978117795011	281.33212311005707	139.76417355414884	2710.50694451158	2514.4325559356157	2361.1403295892865	2221.397170443351	2105.136141177902	1966.2247052162659	1845.3339070760721	1747.6143554182395	1644.1005503164563	1543.4093524175637	917.9927496095102	847.8106697189554	795.3092409506655	688.1504778627059	514.4236493246235	318.6116176252246	162.01029759728686	64.29402465204646	2822.0247960079064	2624.308010590391	2502.5672596033073	2289.0143640631964	2141.396640189208	2036.4802667743254	1881.6889047615336	1782.4990290231747	1688.2492209534053	1576.7822670259154	954.1190528348118	891.7994933157622	832.3180502513696	726.2520004301034	547.8202896733137	347.4406986635503	177.55575940747227	71.03262291979306	2953.613646967541	2736.2328112554583	2624.6877402712016	2405.324520046228	2295.1804829481107	2124.081822581057	1970.010172874871	1841.7138899940885	1743.2729751982963	1641.2074671416951	986.2115791816447	919.1168323681046	856.9281751500938	748.1424310658753	566.3862540568715	358.8489555258796	183.84377603305956	72.86731440315471	3201.4625457945112	2916.1161656034587	2690.8556619349456	2517.6235791932586	2416.5435752295193	2209.387270059902	2049.1430875020274	1935.7832093759184	1810.3277512078926	1707.6118261302636	1007.5918202245149	933.313278049063	869.4890455151246	755.1770310217406	564.1687766452418	350.4493909321198	176.665202293349	69.18444561417154	3231.7281329215475	3037.7833528790643	2820.747812566344	2704.502706367347	2577.6394656407356	2278.3946044970185	2115.463729322545	1990.6480724039368	1857.747685275617	1756.953112345436	1000.2459849457273	918.5032976588774	848.2995979072798	727.5196853242112	533.7585869139009	322.8014039599781	157.7310651321839	55.34286950984582	2172.164833728416	2018.1056522476415	1871.7942527936639	1712.696498754451	956.9418885137097	854.9716780844692	797.7449400602057	673.9662858228589	477.6721062809238	277.35424505212086	122.18598732270361	37.56914119881538
NUCLEAR	DYE605_dw	11	2357.086989842328	2151.830118362134	2056.40042496866	1974.0149366567152	1797.8333851111279	1744.0807675098822	1653.7864378102759	1547.806085433782	1442.5870209356267	1374.7383751730126	794.5544325151607	765.1371449767913	687.5984175852418	589.3142374156088	432.33862217517566	264.2126427810404	131.7243423535968	2441.126825124622	2271.1829482902467	2136.8589784051087	2014.189946651506	1910.926558306597	1789.1866178216935	1682.366751050412	1595.0072833318245	1502.8942412555016	1413.2621806196694	850.1538439963614	786.9356509743675	738.5668522740879	640.6957452887618	480.5911078436688	298.8817411795475	152.64139279451794	60.77800563748609	2541.813682660831	2369.556390333708	2260.502295114303	2075.7643900867606	1946.0472308663045	1852.0360284906274	1716.8014618303112	1628.079950995636	1543.4574013863992	1444.7625373832818	884.2646205476367	827.6049678093613	773.4108022922728	676.1709107976135	511.65797307888084	326.02502080184007	167.30048424006478	67.15514751684285	2666.663173286961	2476.8460741345234	2375.122565600514	2184.664163559337	2084.8623739073537	1935.215468584382	1799.7241920088327	1686.0447499230818	1597.332049695835	1505.8246567015444	914.8258732985028	853.8122404687584	797.0903458588963	697.3087340793684	529.6844116703577	336.94421035577136	173.29761857081806	68.90340901643287	2893.717371219522	2646.204240913335	2448.8112349577605	2295.3438612821474	2201.805749577273	2020.9890914696098	1879.3438120617552	1776.9499903484518	1664.7341473284093	1571.6130944248537	936.0563028985727	868.7660873834087	810.3056772369998	705.2342512759203	528.3808794387052	329.51375479761305	166.68005531047987	65.46745247517838	2943.1394258626433	2769.7240763250165	2577.6316605516668	2469.789195745986	2353.468305060876	2094.890889765065	1949.275272527475	1835.5995078522171	1715.3286423189863	1622.0818798202522	931.7242034335798	857.3887216743296	792.8975236153844	681.1183788015458	500.876719101282	303.97463787112895	148.97686796001517	52.3887562064103	2006.3772406548746	1866.7049341191885	1733.8820352638654	1591.048900029219	892.6416405070022	801.0495203697468	746.9472930157266	632.2805495203713	449.1565943395784	261.5837274057321	115.52686513584194	35.57917475149869
NUCLEAR	DYE605_dw	12	2158.6238274989473	1970.616563841591	1886.2380583150507	1813.6685226689851	1651.8353704217323	1605.5934398432332	1524.4213587891838	1427.9260288607181	1331.9151369693257	1271.040011484972	739.4432416814235	687.5984175852418	666.85749549113	549.9556379789855	404.4560294316774	247.94579622330406	124.01714732451534	2233.544321726787	2079.2677461980165	1958.2577504193678	1847.6968013588755	1755.2005990100101	1644.6992533609684	1548.03781005049	1469.3849952520543	1385.9797832849235	1304.6070056242559	790.4434416771616	732.1064393184085	687.7159422935547	597.4219666814681	449.3348076168305	280.3420013077568	143.65656763407463	57.360484287249264	2326.8974078500933	2170.588704861793	2073.6770203375067	1904.4258114438462	1786.982543765044	1702.8627674478278	1579.374023925499	1499.523205685275	1423.3105097209727	1333.4317927627587	822.1966955484314	770.114480561414	720.24949702023	630.6187899153822	478.45911559348633	305.8807452632241	157.46324863294012	63.37829740634785	2445.809075639596	2272.9876832965792	2183.1363478469984	2008.5301224046398	1919.4983285024844	1782.6760725851743	1658.956749337565	1555.4514417607174	1475.3468994019092	1392.262238081637	851.8090669635195	795.5568051567351	743.2405827238396	651.1201496897268	495.8754680684902	316.3990608675832	163.2058175958585	65.04889824897796	2664.336060024676	2436.878472310672	2256.337784051316	2116.7780846839833	2033.6493239201614	1867.2198798667675	1737.5890004246903	1644.68314976663	1542.1879911785604	1457.4695404180493	873.659464621365	811.3520522634415	757.2474308990556	659.8915687567263	495.5055179099549	309.8102265929282	157.11680547151644	61.850819348926514	2717.019366259138	2559.7449598611024	2384.140909828092	2287.697719146698	2182.8122143510946	1942.4790267213527	1808.8783925364748	1705.0460903103476	1594.676675696424	1509.5903419936728	872.0141233103543	802.8161162576478	742.8329724111732	638.7595281338404	470.61992044379605	286.2430992625939	140.6045153673376	49.526298506214665	1869.257277988184	1740.4517753924101	1617.7978821763709	1485.328898290416	837.6896061564167	751.9130282025704	701.525736344244	594.3558538051863	422.85451618395984	246.73761769081958	109.1529228529747	33.65001797823559
NUCLEAR	DYE605_dw	13	1743.2544938265964	1613.9512189626785	1545.6361362939629	1484.8586282862957	1371.2486028497444	1326.4985204395225	1261.1439460852173	1187.3961098010657	1113.9302519191915	1061.550233489743	632.1299112933091	589.3142374156088	549.9556379789855	479.6591090521372	350.84411317419045	216.95381545650335	109.22072658929196	1796.065627653459	1684.0419863222216	1592.477285267552	1508.4778052770562	1435.3162460209567	1352.4564833585046	1277.9920245207538	1215.0674037595538	1149.5992326572054	1085.8458830299555	672.7437353783172	626.2985004186289	588.6191920514543	514.0135378049788	389.06795647974747	244.6409169463547	126.40740131511942	50.789995936627996	1871.326861654279	1755.8758098104918	1676.5562080077207	1555.6359902982565	1466.5545208736878	1398.2791343601712	1307.0972835404414	1243.072413538568	1181.3790673085475	1112.2124816189944	701.1547337718702	658.479522997603	617.4262263864048	542.5593777772364	413.9994772188971	267.03869989000026	138.5551575642925	56.12418268482992	1976.8851152657994	1848.7876850520615	1771.136259350841	1645.0179180109274	1570.235140521909	1468.9426414703307	1375.7406862708524	1295.8233522304843	1230.4626605427152	1163.9971447882044	727.4695617231023	681.4496682156749	638.3241660778993	561.343910621423	430.15496804012605	276.5213324755931	143.69691920875562	57.61422064570729	2152.9722698727655	1989.4475001751846	1854.8933127042653	1746.87362198757	1672.8834828353306	1551.2362423271106	1452.3007770039112	1376.3199213649862	1295.2803810872217	1225.5389225531728	747.7938787635834	697.4955150533519	652.5054386712707	570.9117457851354	430.9655577631903	271.5086847221136	138.56876697295723	54.834354867952904	2235.2531264913478	2109.8261812965234	1974.9669456972135	1889.099532854262	1799.2126640571917	1630.682136764472	1525.675600731497	1439.4232721704227	1349.6989234162415	1276.0928679375277	749.9788640156663	693.7772399808275	643.72074204945	555.296223307437	410.82952507848864	251.55718938333146	124.22259628003509	43.93291910616637	1581.3092176930297	1476.5350415749865	1376.55353841099	1272.2212674370135	721.6800125095527	654.6288694585367	609.54008801258	518.4942360283436	370.4964225162212	217.40485633664744	96.62025470385515	29.87310854290374
NUCLEAR	DYE605_dw	14	1202.045958734619	1118.7609917555878	1075.217891438067	1036.2758695940468	962.0821486344627	933.0063651101523	890.0756451653241	841.2811918754924	792.4146617462923	757.2297802970509	462.3978117795011	432.33862217517566	404.4560294316774	350.84411317419045	264.0982883926791	163.83269051821114	83.47425235683895	1233.2309379258688	1160.7184544950298	1101.5027832121373	1047.1485208233191	999.6881334914983	945.620328185664	896.8558512639933	855.5172677569673	812.329716665229	770.0557913370557	489.77084665734725	457.5544842744921	431.10088502029555	378.5974960581635	289.3389354199897	184.13392328315516	96.37527782686682	39.141628183178156	1286.869094047764	1211.5413508763684	1159.9042635082128	1080.591424446292	1022.4171464757962	977.7467049950819	917.7765648669831	875.717072711644	834.974074612862	789.1019306090643	510.88219805811036	481.23192431363606	452.5741224224569	399.77402651861615	307.8831665492411	201.05505699289446	105.59443233120285	43.2245190732959	1369.3417436559794	1284.944839008219	1233.7865516461165	1150.5350159676786	1101.0567925210928	1034.0670588384946	972.2035068868558	919.0289826867355	875.4126970050522	830.8771886114151	532.6002663278855	500.36272159342303	470.0240859488723	415.4457093775538	321.2477723111748	208.80022272091745	109.70357200629125	44.395886756087314	1506.2474959850001	1397.6300434376806	1307.9618321832456	1235.8713048146744	1186.062633033442	1104.6675084978472	1038.2462925063564	986.7956618512226	931.8879185195204	884.3039790079179	551.8333601318332	516.3408565369508	484.24773153141103	425.70098210398777	323.85704184612007	206.02422876935526	106.1394015591684	42.32862355698436	1586.4533608029105	1501.9895649573205	1411.110304612588	1352.4658946817183	1291.0548342422185	1177.476315902962	1105.560310780574	1045.7838785570893	983.4822597604568	931.7859712910803	558.8812111510227	518.5070341036638	482.25081970443676	417.59097052472913	310.96652464725844	191.98546424725774	95.53579852306764	33.98349741284837	1159.4129972237083	1085.6782221874198	1015.0484080435107	941.5843026898007	542.3467610458853	494.06205077433367	460.39471856385126	393.0721365061847	282.43073181238856	166.85866839374242	74.59576772679343	23.14233178130491
NUCLEAR	DYE605_dw	15	665.6910096569615	630.1159648660806	607.3714604700577	586.2534166688771	553.155007495933	535.1628338546108	512.4630719737899	487.9511330179159	463.25865809222034	443.1315121855957	281.33212311005707	264.2126427810404	247.94579622330406	216.95381545650335	163.83269051821114	104.9125939102479	54.229496392118754	678.6024595736582	644.6626922850302	615.5140230283921	588.7074422227618	564.168443906311	537.8313301309626	513.2586784262459	491.53073926773845	469.24579733725994	447.39265332643726	296.1009728298454	278.5361122483333	263.12073881582313	233.1543461737847	180.63381460117805	116.96979845757593	62.481711057074605	25.864818701487252	709.5878715499917	673.1981730608151	645.2021910044145	608.5232484267638	579.6914353551217	555.8107457321344	526.9470670344821	504.8071296104395	483.070690738821	459.81299160464897	309.9701685605174	293.3507516298268	277.1460658637258	246.6344473012429	192.3981873959535	128.01201217446913	68.51297250722519	28.564302169499612	763.5729642464573	722.3141309889269	692.8881004700227	653.6468785120062	626.0134594093842	593.4736568281986	562.7211187320258	535.5321681376731	511.888659334774	488.1519054685945	325.2891829710296	307.07942991613885	289.76267611461003	258.0466710327584	202.18503773883674	133.58316105320918	71.40965013326934	29.371531529289104	846.804117559604	795.5736651277451	751.2446102010783	714.0438181100299	684.5223571980976	645.2140064312186	611.4214243840285	583.1297101802844	553.919172566196	527.4480475666157	340.3876982151763	320.4264840686188	301.72878092670584	267.21216340995267	205.59747401053252	132.78942810645125	69.44321027217534	28.086649138865134	917.0677289461871	871.8046058817448	825.0731584282689	790.114916833985	754.6481123519505	702.3240559031461	663.8991099267811	629.9023397949682	595.0767257899347	564.323870054112	349.3561138083338	326.07803109056533	304.54565432331407	265.2643168825702	199.4130439142125	124.7615016162684	62.88437959832377	22.605061952946578	705.2551318130013	663.5552196428724	623.405972347239	583.0376348703361	342.3554333046254	315.32483421918477	293.7399610131409	252.40673101852568	182.95711214633968	109.33587086841834	49.37842215175815	15.430887200808515
